%% Turbine Coordinates

Xc = [0 242.857142857143 469.523809523810 469.523809523810 696.190476190476 696.190476190476 971.428571428571 906.666666666667 922.857142857143 1149.52380952381 1149.52380952381 1149.52380952381 1343.80952380952 1343.80952380952 1392.38095238095 1457.14285714286 1635.23809523810 1521.90476190476 1716.19047619048 1602.85714285714 1619.04761904762 1942.85714285714 1797.14285714286 1959.04761904762 1878.09523809524 1878.09523809524 1861.90476190476 2104.76190476190 2250.47619047619 2363.80952380952 2137.14285714286 2299.04761904762 2234.28571428571 2088.57142857143 2282.85714285714 2088.57142857143 2428.57142857143 2574.28571428571 2574.28571428571 2412.38095238095 2590.47619047619 2509.52380952381 2315.23809523810 2914.28571428571 2752.38095238095 2898.09523809524 2736.19047619048 2736.19047619048 2890 3043.80952380952 2784.76190476190 2954.76190476190 2720 3043.80952380952 3157.14285714286 3286.66666666667 3060 3157.14285714286 3270.47619047619 3205.71428571429 3116.66666666667 3432.38095238095 3578.09523809524 3440.47619047619 3383.80952380952 3537.61904761905 3699.52380952381 3820.95238095238 3594.28571428571 3756.19047619048 3942.38095238095 3942.38095238095 4088.09523809524 4225.71428571429 4339.04761904762];
Yc = [3108.57142857143 2833.33333333333 3197.61904761905 2525.71428571429 2890 2250.47619047619 3254.28571428571 2590.47619047619 1942.85714285714 2995.23809523810 2299.04761904762 1651.42857142857 2720 1975.23809523810 1360 3335.23809523810 3060 2428.57142857143 2137.14285714286 1683.80952380952 1068.57142857143 3408.09523809524 2768.57142857143 2460.95238095238 1878.09523809524 1400.47619047619 785.238095238095 3108.57142857143 2792.85714285714 2541.90476190476 2201.90476190476 1926.66666666667 1602.85714285714 1109.04761904762 809.523809523810 485.714285714286 3497.14285714286 3157.14285714286 2242.38095238095 1319.52380952381 1052.38095238095 485.714285714286 194.285714285714 3561.90476190476 2817.14285714286 2517.61904761905 1942.85714285714 1635.23809523810 1335.71428571429 1052.38095238095 752.857142857143 461.428571428571 194.285714285714 3238.09523809524 2946.66666666667 2639.04761904762 2185.71428571429 1845.71428571429 1489.52380952381 777.142857142857 194.285714285714 2331.42857142857 2023.80952380952 1157.61904761905 477.619047619048 194.285714285714 1700 1416.66666666667 841.904761904762 493.809523809524 194.285714285714 1117.14285714286 777.142857142857 477.619047619048 194.285714285714];