Xc = [5537.14285714286 5682.85714285714 5958.09523809524 6087.61904761905 5844.76190476191 5982.38095238095 6338.57142857143 6217.14285714286 6354.76190476191 6120 6508.57142857143 6646.19047619048 6484.28571428572 6281.90476190476 6735.23809523810 6897.14285714286 7042.85714285714 6800 6961.90476190476 6613.80952380952 6767.61904761905 6411.42857142857 6897.14285714286 6540.95238095238 6702.85714285714 7164.28571428572 7326.19047619048 7176.42857142857 7301.90476190476 7099.52380952381 7261.42857142857 7034.76190476191 7172.38095238095 6840.47619047619 7285.71428571429 6986.19047619048 7156.19047619048 7593.33333333333 7706.66666666667 7480 7609.52380952381 7771.42857142857 7455.71428571429 7593.33333333333 7730.95238095238 7407.14285714286 7560.95238095238 7690.47619047619 7447.61904761905 7577.14285714286 7852.38095238095 7998.09523809524 8135.71428571429 7941.42857142857 8095.23809523810 7900.95238095238 8022.38095238095 8160 7844.28571428572 8014.28571428572 8273.33333333333 8419.04761904762 8249.04761904762 8394.76190476191 8540.47619047619 8297.61904761905 8419.04761904762 8580.95238095238 8718.57142857143 8856.19047619048 8694.28571428571 8856.19047619048 8993.80952380953 9139.52380952381 9277.14285714286];
Yc = [3934.28571428571 3586.19047619048 3982.85714285714 3683.33333333333 3238.09523809524 2914.28571428571 4063.80952380952 3359.52380952381 3035.71428571429 2550 3683.33333333333 3319.04761904762 2736.19047619048 2226.19047619048 4088.09523809524 3764.28571428571 3432.38095238095 2962.85714285714 2614.76190476190 2396.19047619048 2072.38095238095 1894.28571428571 1764.76190476190 1521.90476190476 1181.90476190476 4144.76190476191 3796.66666666667 3124.76190476190 2784.76190476190 2250.47619047619 1910.47619047619 1432.85714285714 1117.14285714286 858.095238095238 801.428571428571 501.904761904762 186.190476190476 4177.14285714286 3869.52380952381 3416.19047619048 3076.19047619048 2703.80952380952 2460.95238095238 2137.14285714286 1813.33333333333 1554.28571428571 1222.38095238095 850 501.904761904762 161.904761904762 3537.61904761905 3221.90476190476 2865.71428571429 2347.61904761905 1959.04761904762 1440.95238095238 1133.33333333333 817.619047619048 518.095238095238 161.904761904762 2525.71428571429 2185.71428571429 1562.38095238095 1262.85714285714 898.571428571429 485.714285714286 161.904761904762 1837.61904761905 1497.61904761905 1165.71428571429 526.190476190476 161.904761904762 809.523809523810 485.714285714286 161.904761904762];